0.92557 0.31861 0.37252 0.45912 0.38375 0.47303 0.44257 0.44927 0.55572 0.519 0.44309 0.51448 0.43616 0.55653 0.38585 0.33357 0.44143 0.53006 0.50562 0.57522 0.6109 0.29678 0.3296 0.42868 0.26883 0.40464 0.36528 0.29053 0.21212 0.1955 0.35853 0.4241 0.22428 0.35318 0.54938 0.47173 0.35071 0.48038 0.36146 0.24715 0.27283 0.42473 0.24887 0.39902 0.33601 0.50058 0.18748 0.28373 0.28508 0.30062 0.38444 0.27432 0.36311 0.52712 0.37719 0.44782 0.55181 0.32662 0.35526 0.26453 0.38225 0.383
0.31861 0.94433 0.46266 0.5592 0.4919 0.5895 0.44756 0.81629 0.51412 0.54043 0.62343 0.67636 0.45571 0.60854 0.61522 0.66966 0.55781 0.50907 0.22196 0.52667 0.5592 0.25275 0.3154 0.22422 0.2897 0.27585 0.31485 0.67651 0.31865 0.47064 0.59399 0.53339 0.29575 0.47989 0.60819 0.57965 0.51778 0.61406 0.31626 0.361 0.26699 0.54124 0.24553 0.49989 0.36486 0.52875 0.51688 0.32551 0.27155 0.26653 0.29246 0.2564 0.57721 0.58365 0.23407 0.37878 0.36158 0.32096 0.51085 0.20939 0.49718 0.46954
0.37252 0.46266 0.89084 0.49322 0.78002 0.4055 0.36805 0.43192 0.44845 0.37038 0.37237 0.39897 0.35217 0.50845 0.62062 0.46015 0.49979 0.54407 0.33982 0.53853 0.53955 0.41889 0.26868 0.36629 0.36354 0.27518 0.28081 0.33452 0.44802 0.30315 0.37773 0.40374 0.40035 0.26227 0.43927 0.34338 0.3067 0.44587 0.22198 0.2529 0.33187 0.37633 0.23174 0.33841 0.35657 0.37226 0.39383 0.3768 0.22291 0.23456 0.3278 0.24687 0.38635 0.40884 0.25444 0.25596 0.23096 0.24016 0.40709 0.20529 0.2959 0.38723
0.45912 0.5592 0.49322 0.95539 0.5429 0.53774 0.41028 0.54747 0.56486 0.5588 0.28604 0.64413 0.4129 0.55951 0.60994 0.55585 0.71937 0.41387 0.24797 0.45944 0.61192 0.25338 0.25722 0.24039 0.27257 0.23227 0.31972 0.53335 0.35036 0.2823 0.37721 0.3154 0.32696 0.47329 0.60098 0.56219 0.3642 0.3248 0.46922 0.30952 0.27003 0.29318 0.30742 0.39215 0.39099 0.52599 0.37737 0.33923 0.2695 0.25791 0.305 0.24452 0.57726 0.62668 0.36003 0.43252 0.44531 0.36371 0.51233 0.22441 0.49014 0.44738
0.38375 0.4919 0.78002 0.5429 0.91652 0.37597 0.40809 0.478 0.40197 0.33872 0.35533 0.36449 0.3819 0.53315 0.62548 0.48219 0.54653 0.49094 0.34703 0.49872 0.57729 0.43992 0.32725 0.3498 0.38119 0.31945 0.27716 0.36846 0.42068 0.30282 0.38904 0.39234 0.38493 0.26672 0.40252 0.32106 0.32501 0.41485 0.28454 0.25397 0.31745 0.39363 0.25665 0.36922 0.38073 0.33104 0.3812 0.39267 0.25268 0.25844 0.33595 0.23495 0.43114 0.37239 0.281 0.26894 0.23406 0.28998 0.4395 0.25996 0.33664 0.41655
0.47303 0.5895 0.4055 0.53774 0.37597 0.97058 0.3809 0.58732 0.69542 0.7166 0.58257 0.80773 0.31383 0.46317 0.34004 0.60364 0.27478 0.63451 0.35761 0.75008 0.41958 0.30295 0.21861 0.27659 0.39234 0.25489 0.25984 0.50607 0.42784 0.54423 0.61196 0.64987 0.36962 0.46865 0.8012 0.7089 0.51737 0.71387 0.1211 0.28435 0.25733 0.62058 0.092577 0.5155 0.3374 0.68426 0.5921 0.24271 0.18695 0.21896 0.42953 0.21868 0.42696 0.75232 0.24568 0.28873 0.36683 0.296 0.3644 0.27149 0.39807 0.28775
0.44257 0.44756 0.36805 0.41028 0.40809 0.3809 0.91426 0.45187 0.26865 0.30901 0.42683 0.34822 0.36974 0.45503 0.27913 0.43892 0.458 0.3075 0.30636 0.32657 0.48623 0.33293 0.29122 0.28578 0.3326 0.29197 0.35531 0.52133 0.2669 0.3168 0.5026 0.45817 0.2901 0.27634 0.34405 0.31133 0.49667 0.38661 0.29126 0.31797 0.20321 0.53362 0.26197 0.54671 0.48914 0.35826 0.28068 0.33075 0.28372 0.43353 0.34002 0.37324 0.36356 0.32608 0.3763 0.32841 0.31815 0.34035 0.36358 0.30033 0.58771 0.33784
0.44927 0.81629 0.43192 0.54747 0.478 0.58732 0.45187 0.97679 0.52404 0.53772 0.65843 0.68074 0.60028 0.79851 0.47143 0.63024 0.52992 0.52217 0.23597 0.50328 0.69132 0.24822 0.31831 0.27006 0.3005 0.29147 0.40859 0.63231 0.31127 0.48143 0.62819 0.53561 0.27201 0.4668 0.6134 0.56137 0.59547 0.63826 0.37067 0.36657 0.28406 0.56058 0.29712 0.56844 0.45009 0.53228 0.4935 0.32619 0.31879 0.34651 0.36014 0.28165 0.60612 0.58347 0.25454 0.35532 0.44646 0.34969 0.56125 0.23167 0.53265 0.50569
0.55572 0.51412 0.44845 0.56486 0.40197 0.69542 0.26865 0.52404 0.95651 0.75616 0.54179 0.8018 0.36121 0.51568 0.38581 0.5743 0.56702 0.71998 0.34841 0.70368 0.50611 0.3839 0.21635 0.28976 0.36491 0.25758 0.33641 0.45959 0.44716 0.5018 0.56416 0.60876 0.38239 0.46944 0.81051 0.65305 0.47587 0.7556 0.40297 0.26463 0.35361 0.62044 0.27619 0.50709 0.30887 0.6429 0.58414 0.30629 0.18431 0.2096 0.48232 0.23611 0.40902 0.82074 0.32137 0.4186 0.64526 0.38135 0.36977 0.25789 0.2989 0.3654
0.519 0.54043 0.37038 0.5588 0.33872 0.7166 0.30901 0.53772 0.75616 0.95309 0.55695 0.80002 0.31891 0.45351 0.33428 0.56591 0.54687 0.62635 0.30706 0.70644 0.48248 0.32449 0.18266 0.23953 0.38718 0.19992 0.27263 0.48312 0.39454 0.524 0.57363 0.62199 0.32859 0.45814 0.80221 0.7255 0.4874 0.71828 0.42033 0.24417 0.32781 0.60708 0.25866 0.49896 0.2975 0.64979 0.59021 0.25029 0.20615 0.22956 0.38782 0.20271 0.44105 0.78724 0.30951 0.38632 0.58764 0.3649 0.32686 0.25624 0.33262 0.36056
0.44309 0.62343 0.37237 0.28604 0.35533 0.58257 0.42683 0.65843 0.54179 0.55695 0.97279 0.70406 0.4079 0.52366 0.29488 0.54476 0.29999 0.48567 0.44601 0.50096 0.49244 0.31583 0.32629 0.55309 0.3129 0.43384 0.34961 0.55008 0.34774 0.48911 0.63483 0.58631 0.32202 0.44152 0.63462 0.57987 0.65354 0.68082 0.3167 0.38937 0.26729 0.61031 0.34525 0.65975 0.44813 0.54935 0.51244 0.31967 0.28276 0.44598 0.31804 0.3767 0.38303 0.60463 0.34776 0.34944 0.38781 0.365 0.33369 0.16391 0.40802 0.30872
0.51448 0.67636 0.39897 0.64413 0.36449 0.80773 0.34822 0.68074 0.8018 0.80002 0.70406 0.99926 0.29973 0.3729 0.15194 0.46343 0.15281 0.65672 0.27247 0.72743 0.35549 0.31024 0.16783 0.25447 0.41646 0.21579 0.28664 0.24311 0.068549 0.25414 0.51273 0.70755 0.10291 0.002442 0.90719 0.80544 0.1615 0.80694 0.10605 0.097376 0 0.68025 0.066622 0.55977 0.25748 0.74455 0.044848 0.22089 0.17129 0.21056 0.40449 0.19521 0.30122 0.85827 0.33379 0.40637 0.51172 0.34385 0.19478 0.22191 0.25013 0.26174
0.43616 0.45571 0.35217 0.4129 0.3819 0.31383 0.36974 0.60028 0.36121 0.31891 0.4079 0.29973 0.95508 0.7261 0.32848 0.49145 0.40961 0.44544 0.26017 0.3643 0.61523 0.25674 0.32018 0.24389 0.22916 0.24101 0.34245 0.42843 0.27115 0.31149 0.40407 0.38387 0.2635 0.32265 0.34843 0.28473 0.39561 0.40448 0.39343 0.24617 0.49144 0.45843 0.42063 0.41356 0.27433 0.39246 0.28389 0.30151 0.36287 0.20446 0.31433 0.19823 0.43198 0.32232 0.20245 0.28734 0.36021 0.25324 0.42161 0.19694 0.36138 0.41495
0.55653 0.60854 0.50845 0.55951 0.53315 0.46317 0.45503 0.79851 0.51568 0.45351 0.52366 0.3729 0.7261 0.95709 0.47316 0.65473 0.54812 0.61877 0.33279 0.51912 0.81534 0.31358 0.36829 0.33554 0.27186 0.34066 0.45537 0.55388 0.34532 0.3692 0.5241 0.4927 0.3071 0.37058 0.49262 0.39975 0.5093 0.54548 0.4269 0.31635 0.30208 0.56934 0.24391 0.51752 0.36769 0.46527 0.36239 0.38611 0.35155 0.27321 0.39787 0.27336 0.60619 0.45234 0.28727 0.39568 0.47322 0.33826 0.56331 0.27707 0.46356 0.56264
0.38585 0.61522 0.62062 0.60994 0.62548 0.34004 0.27913 0.47143 0.38581 0.33428 0.29488 0.15194 0.32848 0.47316 0.89643 0.59215 0.61367 0.42427 0.24456 0.42412 0.47038 0.3047 0.29586 0.26272 0.28823 0.21241 0.32185 0.47277 0.37818 0.29875 0.33021 0.33168 0.35738 0.42648 0.34698 0.30634 0.29108 0.35331 0.37864 0.26539 0.28629 0.28761 0.22854 0.28505 0.32255 0.28949 0.42347 0.33878 0.23673 0.22347 0.31746 0.24337 0.52383 0.33096 0.25879 0.39212 0.31446 0.36283 0.44192 0.19583 0.37855 0.43922
0.33357 0.66966 0.46015 0.55585 0.48219 0.60364 0.43892 0.63024 0.5743 0.56591 0.54476 0.46343 0.49145 0.65473 0.59215 0.95519 0.55834 0.49428 0.22749 0.47584 0.60397 0.26059 0.24468 0.22643 0.34131 0.25403 0.32014 0.60019 0.33639 0.49787 0.60768 0.62663 0.28926 0.4534 0.62782 0.55038 0.50343 0.60106 0.32295 0.27662 0.26432 0.53936 0.2857 0.54047 0.33169 0.5682 0.49594 0.3449 0.25241 0.26099 0.31676 0.27504 0.57481 0.63698 0.26621 0.36738 0.3534 0.30507 0.51497 0.19561 0.44938 0.50097
0.44143 0.55781 0.49979 0.71937 0.54653 0.27478 0.458 0.52992 0.56702 0.54687 0.29999 0.15281 0.40961 0.54812 0.61367 0.55834 0.95208 0.42443 0.22928 0.46415 0.60594 0.25027 0.30832 0.22414 0.26982 0.22158 0.28345 0.49879 0.34483 0.26757 0.35961 0.46299 0.31857 0.47344 0.61209 0.55544 0.35359 0.46226 0.52707 0.3324 0.26679 0.40782 0.30714 0.41421 0.31561 0.53304 0.30659 0.3398 0.33577 0.26747 0.30636 0.22597 0.58485 0.62581 0.33536 0.36095 0.5288 0.28046 0.47388 0.25609 0.42047 0.47811
0.53006 0.50907 0.54407 0.41387 0.49094 0.63451 0.3075 0.52217 0.71998 0.62635 0.48567 0.65672 0.44544 0.61877 0.42427 0.49428 0.42443 0.93542 0.3785 0.75409 0.48555 0.41852 0.30046 0.37679 0.37665 0.36006 0.32133 0.39561 0.45973 0.41391 0.47565 0.52053 0.39798 0.38142 0.68915 0.53968 0.45662 0.5852 0.32157 0.28683 0.34673 0.50626 0.26885 0.39403 0.24828 0.54898 0.46773 0.2883 0.23361 0.22474 0.49915 0.26648 0.38641 0.62448 0.2472 0.31557 0.57473 0.27074 0.38919 0.28318 0.29735 0.34466
0.50562 0.22196 0.33982 0.24797 0.34703 0.35761 0.30636 0.23597 0.34841 0.30706 0.44601 0.27247 0.26017 0.33279 0.24456 0.22749 0.22928 0.3785 0.90635 0.32851 0.31115 0.28809 0.27852 0.49533 0.25794 0.30468 0.28907 0.2695 0.23014 0.17815 0.31395 0.36655 0.21954 0.20095 0.31175 0.2697 0.38276 0.26051 0.20385 0.31563 0.14929 0.33712 0.17204 0.34939 0.46614 0.29214 0.19986 0.27009 0.19305 0.31431 0.32388 0.1947 0.18801 0.32651 0.26852 0.39586 0.40069 0.41453 0.29312 0.31213 0.37061 0.32293
0.57522 0.52667 0.53853 0.45944 0.49872 0.75008 0.32657 0.50328 0.70368 0.70644 0.50096 0.72743 0.3643 0.51912 0.42412 0.47584 0.46415 0.75409 0.32851 0.98531 0.53709 0.39325 0.25174 0.35944 0.34949 0.32289 0.32506 0.42581 0.18948 0.46455 0.51392 0.57559 0.33211 0.14648 0.77435 0.6221 0.36148 0.64759 0.16331 0.17683 0.01919 0.53268 0.10154 0.42496 0.27361 0.60949 0.3934 0.31688 0.21906 0.20318 0.4371 0.19176 0.43841 0.69207 0.20777 0.28459 0.1827 0.26054 0.41085 0.27199 0.32522 0.30039
0.6109 0.5592 0.53955 0.61192 0.57729 0.41958 0.48623 0.69132 0.50611 0.48248 0.49244 0.35549 0.61523 0.81534 0.47038 0.60397 0.60594 0.48555 0.31115 0.53709 0.97473 0.35754 0.37643 0.30455 0.31298 0.29917 0.34148 0.52555 0.38083 0.35446 0.48359 0.49492 0.33958 0.32867 0.48283 0.4315 0.4568 0.53411 0.43123 0.27455 0.29032 0.53118 0.24105 0.48562 0.36536 0.40424 0.41004 0.48146 0.36403 0.22152 0.33944 0.23121 0.61809 0.47112 0.29679 0.37115 0.47285 0.29192 0.58176 0.26479 0.44227 0.5471
0.29678 0.25275 0.41889 0.25338 0.43992 0.30295 0.33293 0.24822 0.3839 0.32449 0.31583 0.31024 0.25674 0.31358 0.3047 0.26059 0.25027 0.41852 0.28809 0.39325 0.35754 0.85693 0.55658 0.39881 0.68866 0.33946 0.44421 0.22866 0.37618 0.21706 0.28747 0.32474 0.32433 0.22169 0.34434 0.2658 0.26699 0.28602 0.38678 0.30953 0.26944 0.32364 0.21746 0.26803 0.33613 0.32209 0.28138 0.58817 0.35868 0.39969 0.5016 0.33345 0.28509 0.31317 0.19551 0.32693 0.2802 0.29761 0.33843 0.38308 0.27538 0.3387
0.3296 0.3154 0.26868 0.25722 0.32725 0.21861 0.29122 0.31831 0.21635 0.18266 0.32629 0.16783 0.32018 0.36829 0.29586 0.24468 0.30832 0.30046 0.27852 0.25174 0.37643 0.55658 0.90053 0.37248 0.50317 0.32281 0.37737 0.31514 0.30055 0.25703 0.28779 0.25616 0.28832 0.28991 0.19909 0.19162 0.39917 0.23111 0.39037 0.32422 0.25655 0.36404 0.2324 0.37838 0.27055 0.26379 0.23992 0.44752 0.56826 0.32556 0.39561 0.2894 0.24011 0.19137 0.24833 0.2536 0.26285 0.28752 0.29901 0.34959 0.26945 0.28688
0.42868 0.22422 0.36629 0.24039 0.3498 0.27659 0.28578 0.27006 0.28976 0.23953 0.55309 0.25447 0.24389 0.33554 0.26272 0.22643 0.22414 0.37679 0.49533 0.35944 0.30455 0.39881 0.37248 0.9258 0.37954 0.53193 0.36762 0.227 0.28178 0.19199 0.31642 0.3541 0.25141 0.18361 0.29394 0.22724 0.42843 0.33439 0.26559 0.45809 0.19894 0.28203 0.18018 0.3857 0.35345 0.3026 0.18443 0.33638 0.2887 0.54865 0.45067 0.33229 0.16276 0.26418 0.33287 0.35399 0.32351 0.37757 0.23771 0.29646 0.29657 0.24974
0.26883 0.2897 0.36354 0.27257 0.38119 0.39234 0.3326 0.3005 0.36491 0.38718 0.3129 0.41646 0.22916 0.27186 0.28823 0.34131 0.26982 0.37665 0.25794 0.34949 0.31298 0.68866 0.50317 0.37954 0.88027 0.28902 0.43689 0.26543 0.34798 0.27385 0.33808 0.37034 0.29982 0.22914 0.38437 0.34669 0.29642 0.35459 0.35098 0.29174 0.31055 0.35521 0.25001 0.28427 0.34297 0.3991 0.2642 0.55596 0.35736 0.38961 0.54485 0.32708 0.31494 0.40236 0.30976 0.39646 0.3401 0.37519 0.30239 0.46216 0.25847 0.31077
0.40464 0.27585 0.27518 0.23227 0.31945 0.25489 0.29197 0.29147 0.25758 0.19992 0.43384 0.21579 0.24101 0.34066 0.21241 0.25403 0.22158 0.36006 0.30468 0.32289 0.29917 0.33946 0.32281 0.53193 0.28902 0.91039 0.25412 0.2535 0.28512 0.1679 0.33042 0.26913 0.24639 0.15225 0.24488 0.22588 0.32141 0.32275 0.22812 0.15396 0.21119 0.31685 0.25947 0.30094 0.2505 0.25328 0.15794 0.24256 0.20942 0.33721 0.30594 0.55685 0.18369 0.22655 0.4716 0.3614 0.33319 0.26156 0.303 0.2891 0.25673 0.33543
0.36528 0.31485 0.28081 0.31972 0.27716 0.25984 0.35531 0.40859 0.33641 0.27263 0.34961 0.28664 0.34245 0.45537 0.32185 0.32014 0.28345 0.32133 0.28907 0.32506 0.34148 0.44421 0.37737 0.36762 0.43689 0.25412 0.9201 0.38898 0.32291 0.22517 0.31476 0.26137 0.28398 0.2505 0.33408 0.28456 0.37527 0.3082 0.382 0.36225 0.26631 0.31021 0.23492 0.34846 0.35286 0.27707 0.25353 0.52655 0.4005 0.40652 0.51067 0.33156 0.37961 0.30922 0.29815 0.42277 0.3903 0.43112 0.42804 0.25539 0.38353 0.33491
0.29053 0.67651 0.33452 0.53335 0.36846 0.50607 0.52133 0.63231 0.45959 0.48312 0.55008 0.24311 0.42843 0.55388 0.47277 0.60019 0.49879 0.39561 0.2695 0.42581 0.52555 0.22866 0.31514 0.227 0.26543 0.2535 0.38898 0.9663 0.31731 0.56383 0.71851 0.65071 0.31778 0.51876 0.5797 0.49301 0.54673 0.60743 0.38056 0.37827 0.29222 0.62715 0.26567 0.62934 0.41871 0.57168 0.50637 0.30054 0.32669 0.32328 0.30718 0.33971 0.56469 0.53075 0.41603 0.39761 0.31279 0.35416 0.46998 0.2121 0.60585 0.38748
0.21212 0.31865 0.44802 0.35036 0.42068 0.42784 0.2669 0.31127 0.44716 0.39454 0.34774 0.068549 0.27115 0.34532 0.37818 0.33639 0.34483 0.45973 0.23014 0.18948 0.38083 0.37618 0.30055 0.28178 0.34798 0.28512 0.32291 0.31731 0.91251 0.39024 0.36063 0.37302 0.7483 0.43436 0.44688 0.3788 0.35291 0.40667 0.25657 0.23023 0.65755 0.35245 0.57027 0.3042 0.27749 0.3814 0.47968 0.33686 0.2668 0.33435 0.34222 0.24776 0.39804 0.42212 0.27217 0.31224 0.38745 0.23663 0.44319 0.16812 0.24392 0.28355
0.1955 0.47064 0.30315 0.2823 0.30282 0.54423 0.3168 0.48143 0.5018 0.524 0.48911 0.25414 0.31149 0.3692 0.29875 0.49787 0.26757 0.41391 0.17815 0.46455 0.35446 0.21706 0.25703 0.19199 0.27385 0.1679 0.22517 0.56383 0.39024 0.93657 0.6256 0.5922 0.45878 0.58173 0.62429 0.51578 0.51453 0.61885 0.37485 0.29906 0.51203 0.51554 0.45545 0.48046 0.23735 0.58284 0.54332 0.21768 0.23026 0.27266 0.32774 0.27651 0.32867 0.58396 0.26873 0.28245 0.41391 0.24197 0.27304 0.17024 0.32487 0.32599
0.35853 0.59399 0.37773 0.37721 0.38904 0.61196 0.5026 0.62819 0.56416 0.57363 0.63483 0.51273 0.40407 0.5241 0.33021 0.60768 0.35961 0.47565 0.31395 0.51392 0.48359 0.28747 0.28779 0.31642 0.33808 0.33042 0.31476 0.71851 0.36063 0.6256 0.96076 0.87085 0.30159 0.52291 0.70364 0.59093 0.66263 0.72936 0.24654 0.37585 0.27599 0.691 0.26051 0.66 0.45288 0.67874 0.5566 0.34165 0.30167 0.39786 0.39072 0.38836 0.41321 0.63331 0.42141 0.27261 0.3779 0.28787 0.43815 0.29033 0.56863 0.35999
0.4241 0.53339 0.40374 0.3154 0.39234 0.64987 0.45817 0.53561 0.60876 0.62199 0.58631 0.70755 0.38387 0.4927 0.33168 0.62663 0.46299 0.52053 0.36655 0.57559 0.49492 0.32474 0.25616 0.3541 0.37034 0.26913 0.26137 0.65071 0.37302 0.5922 0.87085 0.97192 0.32231 0.52714 0.76389 0.6362 0.63077 0.6941 0.43229 0.37088 0.28654 0.74653 0.24053 0.65255 0.46293 0.75034 0.57514 0.37984 0.2732 0.34144 0.43486 0.37727 0.42605 0.69092 0.34706 0.30793 0.4993 0.30021 0.36988 0.32648 0.52375 0.36591
0.22428 0.29575 0.40035 0.32696 0.38493 0.36962 0.2901 0.27201 0.38239 0.32859 0.32202 0.10291 0.2635 0.3071 0.35738 0.28926 0.31857 0.39798 0.21954 0.33211 0.33958 0.32433 0.28832 0.25141 0.29982 0.24639 0.28398 0.31778 0.7483 0.45878 0.30159 0.32231 0.92912 0.47022 0.37849 0.31881 0.30155 0.34809 0.32171 0.23631 0.64481 0.3037 0.57072 0.2567 0.32183 0.32849 0.43102 0.29686 0.25344 0.32327 0.30691 0.22723 0.34903 0.35977 0.23674 0.27646 0.26306 0.23405 0.40855 0.15248 0.29997 0.26624
0.35318 0.47989 0.26227 0.47329 0.26672 0.46865 0.27634 0.4668 0.46944 0.45814 0.44152 0.002442 0.32265 0.37058 0.42648 0.4534 0.47344 0.38142 0.20095 0.14648 0.32867 0.22169 0.28991 0.18361 0.22914 0.15225 0.2505 0.51876 0.43436 0.58173 0.52291 0.52714 0.47022 0.97985 0.57691 0.4665 0.52402 0.53672 0.54799 0.44688 0.30604 0.50362 0.27549 0.46936 0.27573 0.50214 0.64387 0.20651 0.26507 0.29018 0.30049 0.25584 0.2912 0.52743 0.27952 0.28809 0.41741 0.28591 0.27223 0.19866 0.29753 0.24289
0.54938 0.60819 0.43927 0.60098 0.40252 0.8012 0.34405 0.6134 0.81051 0.80221 0.63462 0.90719 0.34843 0.49262 0.34698 0.62782 0.61209 0.68915 0.31175 0.77435 0.48283 0.34434 0.19909 0.29394 0.38437 0.24488 0.33408 0.5797 0.44688 0.62429 0.70364 0.76389 0.37849 0.57691 1 0.77822 0.18773 0.85872 0.12613 0.12006 0.01418 0.71913 0.090704 0.58963 0.2781 0.79727 0.032682 0.25269 0.19286 0.23524 0.45459 0.22006 0.32736 0.86938 0.34768 0.36309 0.52099 0.31574 0.2272 0.21699 0.24376 0.26599
0.47173 0.57965 0.34338 0.56219 0.32106 0.7089 0.31133 0.56137 0.65305 0.7255 0.57987 0.80544 0.28473 0.39975 0.30634 0.55038 0.55544 0.53968 0.2697 0.6221 0.4315 0.2658 0.19162 0.22724 0.34669 0.22588 0.28456 0.49301 0.3788 0.51578 0.59093 0.6362 0.31881 0.4665 0.77822 0.95144 0.49245 0.70638 0.41317 0.27308 0.30588 0.6083 0.31228 0.50849 0.27106 0.66565 0.59908 0.22543 0.17079 0.20724 0.35213 0.19488 0.40115 0.71801 0.34547 0.39746 0.52691 0.3181 0.31739 0.20485 0.31752 0.34244
0.35071 0.51778 0.3067 0.3642 0.32501 0.51737 0.49667 0.59547 0.47587 0.4874 0.65354 0.1615 0.39561 0.5093 0.29108 0.50343 0.35359 0.45662 0.38276 0.36148 0.4568 0.26699 0.39917 0.42843 0.29642 0.32141 0.37527 0.54673 0.35291 0.51453 0.66263 0.63077 0.30155 0.52402 0.18773 0.49245 0.95583 0.60122 0.32076 0.48316 0.26069 0.56509 0.30304 0.68653 0.46068 0.56157 0.50036 0.27844 0.35353 0.64703 0.34522 0.43694 0.37484 0.5373 0.27614 0.30832 0.33296 0.34894 0.42868 0.17026 0.45416 0.32134
0.48038 0.61406 0.44587 0.3248 0.41485 0.71387 0.38661 0.63826 0.7556 0.71828 0.68082 0.80694 0.40448 0.54548 0.35331 0.60106 0.46226 0.5852 0.26051 0.64759 0.53411 0.28602 0.23111 0.33439 0.35459 0.32275 0.3082 0.60743 0.40667 0.61885 0.72936 0.6941 0.34809 0.53672 0.85872 0.70638 0.60122 0.98636 0.20849 0.30068 0.30983 0.6886 0.30447 0.64317 0.34158 0.72459 0.65285 0.29089 0.1967 0.32723 0.39791 0.2974 0.48701 0.81938 0.35554 0.32258 0.42536 0.29488 0.41378 0.21747 0.42634 0.32811
0.36146 0.31626 0.22198 0.46922 0.28454 0.1211 0.29126 0.37067 0.40297 0.42033 0.3167 0.10605 0.39343 0.4269 0.37864 0.32295 0.52707 0.32157 0.20385 0.16331 0.43123 0.38678 0.39037 0.26559 0.35098 0.22812 0.382 0.38056 0.25657 0.37485 0.24654 0.43229 0.32171 0.54799 0.12613 0.41317 0.32076 0.20849 0.97033 0.33939 0.35074 0.41102 0.31825 0.35747 0.24313 0.44184 0.3063 0.5221 0.45466 0.32421 0.37945 0.28101 0.4187 0.46437 0.25756 0.26268 0.39705 0.22131 0.32054 0.14099 0.31835 0.35829
0.24715 0.361 0.2529 0.30952 0.25397 0.28435 0.31797 0.36657 0.26463 0.24417 0.38937 0.097376 0.24617 0.31635 0.26539 0.27662 0.3324 0.28683 0.31563 0.17683 0.27455 0.30953 0.32422 0.45809 0.29174 0.15396 0.36225 0.37827 0.23023 0.29906 0.37585 0.37088 0.23631 0.44688 0.12006 0.27308 0.48316 0.30068 0.33939 0.94161 0.16178 0.30923 0.22279 0.39702 0.3878 0.26825 0.434 0.33507 0.28379 0.60454 0.39135 0.24595 0.2378 0.28292 0.23713 0.26395 0.25688 0.28842 0.3303 0.1463 0.34329 0.3204
0.27283 0.26699 0.33187 0.27003 0.31745 0.25733 0.20321 0.28406 0.35361 0.32781 0.26729 0 0.49144 0.30208 0.28629 0.26432 0.26679 0.34673 0.14929 0.01919 0.29032 0.26944 0.25655 0.19894 0.31055 0.21119 0.26631 0.29222 0.65755 0.51203 0.27599 0.28654 0.64481 0.30604 0.01418 0.30588 0.26069 0.30983 0.35074 0.16178 0.92733 0.27232 0.80783 0.23514 0.23269 0.29314 0.33288 0.25398 0.25395 0.27742 0.34065 0.20175 0.30982 0.33433 0.22799 0.31418 0.31224 0.26761 0.34679 0.16171 0.19341 0.35649
0.42473 0.54124 0.37633 0.29318 0.39363 0.62058 0.53362 0.56058 0.62044 0.60708 0.61031 0.68025 0.45843 0.56934 0.28761 0.53936 0.40782 0.50626 0.33712 0.53268 0.53118 0.32364 0.36404 0.28203 0.35521 0.31685 0.31021 0.62715 0.35245 0.51554 0.691 0.74653 0.3037 0.50362 0.71913 0.6083 0.56509 0.6886 0.41102 0.30923 0.27232 0.97421 0.28687 0.76311 0.38991 0.71042 0.55693 0.35283 0.2715 0.2857 0.39908 0.378 0.47674 0.68102 0.46546 0.35535 0.36382 0.30886 0.38494 0.30419 0.53391 0.3967
0.24887 0.24553 0.23174 0.30742 0.25665 0.092577 0.26197 0.29712 0.27619 0.25866 0.34525 0.066622 0.42063 0.24391 0.22854 0.2857 0.30714 0.26885 0.17204 0.10154 0.24105 0.21746 0.2324 0.18018 0.25001 0.25947 0.23492 0.26567 0.57027 0.45545 0.26051 0.24053 0.57072 0.27549 0.090704 0.31228 0.30304 0.30447 0.31825 0.22279 0.80783 0.28687 0.93457 0.30037 0.30443 0.24308 0.29535 0.24233 0.25269 0.27502 0.27832 0.2854 0.26269 0.27185 0.37068 0.26882 0.25246 0.22532 0.29147 0.14441 0.2593 0.3419
0.39902 0.49989 0.33841 0.39215 0.36922 0.5155 0.54671 0.56844 0.50709 0.49896 0.65975 0.55977 0.41356 0.51752 0.28505 0.54047 0.41421 0.39403 0.34939 0.42496 0.48562 0.26803 0.37838 0.3857 0.28427 0.30094 0.34846 0.62934 0.3042 0.48046 0.66 0.65255 0.2567 0.46936 0.58963 0.50849 0.68653 0.64317 0.35747 0.39702 0.23514 0.76311 0.30037 0.95223 0.45257 0.60521 0.49007 0.33324 0.36092 0.50888 0.32899 0.36417 0.49494 0.57146 0.44383 0.30065 0.39618 0.32022 0.3733 0.24538 0.54224 0.42834
0.33601 0.36486 0.35657 0.39099 0.38073 0.3374 0.48914 0.45009 0.30887 0.2975 0.44813 0.25748 0.27433 0.36769 0.32255 0.33169 0.31561 0.24828 0.46614 0.27361 0.36536 0.33613 0.27055 0.35345 0.34297 0.2505 0.35286 0.41871 0.27749 0.23735 0.45288 0.46293 0.32183 0.27573 0.2781 0.27106 0.46068 0.34158 0.24313 0.3878 0.23269 0.38991 0.30443 0.45257 0.92567 0.33005 0.22007 0.28505 0.26085 0.43029 0.32385 0.22723 0.39169 0.32286 0.29476 0.46798 0.34164 0.5897 0.46901 0.29414 0.68276 0.40611
0.50058 0.52875 0.37226 0.52599 0.33104 0.68426 0.35826 0.53228 0.6429 0.64979 0.54935 0.74455 0.39246 0.46527 0.28949 0.5682 0.53304 0.54898 0.29214 0.60949 0.40424 0.32209 0.26379 0.3026 0.3991 0.25328 0.27707 0.57168 0.3814 0.58284 0.67874 0.75034 0.32849 0.50214 0.79727 0.66565 0.56157 0.72459 0.44184 0.26825 0.29314 0.71042 0.24308 0.60521 0.33005 0.95176 0.59703 0.3154 0.25769 0.27974 0.53057 0.31301 0.4238 0.73264 0.4011 0.36963 0.52222 0.38605 0.33293 0.31433 0.35303 0.31201
0.18748 0.51688 0.39383 0.37737 0.3812 0.5921 0.28068 0.4935 0.58414 0.59021 0.51244 0.044848 0.28389 0.36239 0.42347 0.49594 0.30659 0.46773 0.19986 0.3934 0.41004 0.28138 0.23992 0.18443 0.2642 0.15794 0.25353 0.50637 0.47968 0.54332 0.5566 0.57514 0.43102 0.64387 0.032682 0.59908 0.50036 0.65285 0.3063 0.434 0.33288 0.55693 0.29535 0.49007 0.22007 0.59703 0.90625 0.26141 0.19526 0.19582 0.32098 0.22157 0.39933 0.66145 0.26303 0.28887 0.4497 0.24317 0.34168 0.1686 0.32247 0.26992
0.28373 0.32551 0.3768 0.33923 0.39267 0.24271 0.33075 0.32619 0.30629 0.25029 0.31967 0.22089 0.30151 0.38611 0.33878 0.3449 0.3398 0.2883 0.27009 0.31688 0.48146 0.58817 0.44752 0.33638 0.55596 0.24256 0.52655 0.30054 0.33686 0.21768 0.34165 0.37984 0.29686 0.20651 0.25269 0.22543 0.27844 0.29089 0.5221 0.33507 0.25398 0.35283 0.24233 0.33324 0.28505 0.3154 0.26141 0.91008 0.50399 0.3386 0.55966 0.26622 0.42334 0.2678 0.27132 0.31556 0.23882 0.31338 0.39411 0.33123 0.27584 0.47203
0.28508 0.27155 0.22291 0.2695 0.25268 0.18695 0.28372 0.31879 0.18431 0.20615 0.28276 0.17129 0.36287 0.35155 0.23673 0.25241 0.33577 0.23361 0.19305 0.21906 0.36403 0.35868 0.56826 0.2887 0.35736 0.20942 0.4005 0.32669 0.2668 0.23026 0.30167 0.2732 0.25344 0.26507 0.19286 0.17079 0.35353 0.1967 0.45466 0.28379 0.25395 0.2715 0.25269 0.36092 0.26085 0.25769 0.19526 0.50399 0.92201 0.3234 0.38004 0.24434 0.26202 0.19919 0.21889 0.24123 0.22819 0.23729 0.2937 0.22888 0.26492 0.34535
0.30062 0.26653 0.23456 0.25791 0.25844 0.21896 0.43353 0.34651 0.2096 0.22956 0.44598 0.21056 0.20446 0.27321 0.22347 0.26099 0.26747 0.22474 0.31431 0.20318 0.22152 0.39969 0.32556 0.54865 0.38961 0.33721 0.40652 0.32328 0.33435 0.27266 0.39786 0.34144 0.32327 0.29018 0.23524 0.20724 0.64703 0.32723 0.32421 0.60454 0.27742 0.2857 0.27502 0.50888 0.43029 0.27974 0.19582 0.3386 0.3234 0.92709 0.41612 0.51287 0.2114 0.25163 0.30499 0.32623 0.29851 0.336 0.31213 0.20168 0.35549 0.28476
0.38444 0.29246 0.3278 0.305 0.33595 0.42953 0.34002 0.36014 0.48232 0.38782 0.31804 0.40449 0.31433 0.39787 0.31746 0.31676 0.30636 0.49915 0.32388 0.4371 0.33944 0.5016 0.39561 0.45067 0.54485 0.30594 0.51067 0.30718 0.34222 0.32774 0.39072 0.43486 0.30691 0.30049 0.45459 0.35213 0.34522 0.39791 0.37945 0.39135 0.34065 0.39908 0.27832 0.32899 0.32385 0.53057 0.32098 0.55966 0.38004 0.41612 0.93009 0.37485 0.32902 0.44112 0.32267 0.37212 0.39387 0.40615 0.32601 0.28182 0.32772 0.34801
0.27432 0.2564 0.24687 0.24452 0.23495 0.21868 0.37324 0.28165 0.23611 0.20271 0.3767 0.19521 0.19823 0.27336 0.24337 0.27504 0.22597 0.26648 0.1947 0.19176 0.23121 0.33345 0.2894 0.33229 0.32708 0.55685 0.33156 0.33971 0.24776 0.27651 0.38836 0.37727 0.22723 0.25584 0.22006 0.19488 0.43694 0.2974 0.28101 0.24595 0.20175 0.378 0.2854 0.36417 0.22723 0.31301 0.22157 0.26622 0.24434 0.51287 0.37485 0.92895 0.24156 0.23448 0.47082 0.27191 0.27302 0.23298 0.3353 0.28781 0.31988 0.34183
0.36311 0.57721 0.38635 0.57726 0.43114 0.42696 0.36356 0.60612 0.40902 0.44105 0.38303 0.30122 0.43198 0.60619 0.52383 0.57481 0.58485 0.38641 0.18801 0.43841 0.61809 0.28509 0.24011 0.16276 0.31494 0.18369 0.37961 0.56469 0.39804 0.32867 0.41321 0.42605 0.34903 0.2912 0.32736 0.40115 0.37484 0.48701 0.4187 0.2378 0.30982 0.47674 0.26269 0.49494 0.39169 0.4238 0.39933 0.42334 0.26202 0.2114 0.32902 0.24156 0.90737 0.4303 0.32136 0.31847 0.35765 0.363 0.59109 0.19543 0.47347 0.5491
0.52712 0.58365 0.40884 0.62668 0.37239 0.75232 0.32608 0.58347 0.82074 0.78724 0.60463 0.85827 0.32232 0.45234 0.33096 0.63698 0.62581 0.62448 0.32651 0.69207 0.47112 0.31317 0.19137 0.26418 0.40236 0.22655 0.30922 0.53075 0.42212 0.58396 0.63331 0.69092 0.35977 0.52743 0.86938 0.71801 0.5373 0.81938 0.46437 0.28292 0.33433 0.68102 0.27185 0.57146 0.32286 0.73264 0.66145 0.2678 0.19919 0.25163 0.44112 0.23448 0.4303 0.98778 0.41408 0.38281 0.60934 0.41993 0.28696 0.28031 0.36012 0.36016
0.37719 0.23407 0.25444 0.36003 0.281 0.24568 0.3763 0.25454 0.32137 0.30951 0.34776 0.33379 0.20245 0.28727 0.25879 0.26621 0.33536 0.2472 0.26852 0.20777 0.29679 0.19551 0.24833 0.33287 0.30976 0.4716 0.29815 0.41603 0.27217 0.26873 0.42141 0.34706 0.23674 0.27952 0.34768 0.34547 0.27614 0.35554 0.25756 0.23713 0.22799 0.46546 0.37068 0.44383 0.29476 0.4011 0.26303 0.27132 0.21889 0.30499 0.32267 0.47082 0.32136 0.41408 0.94758 0.35148 0.39153 0.33556 0.26825 0.34657 0.37845 0.30581
0.44782 0.37878 0.25596 0.43252 0.26894 0.28873 0.32841 0.35532 0.4186 0.38632 0.34944 0.40637 0.28734 0.39568 0.39212 0.36738 0.36095 0.31557 0.39586 0.28459 0.37115 0.32693 0.2536 0.35399 0.39646 0.3614 0.42277 0.39761 0.31224 0.28245 0.27261 0.30793 0.27646 0.28809 0.36309 0.39746 0.30832 0.32258 0.26268 0.26395 0.31418 0.35535 0.26882 0.30065 0.46798 0.36963 0.28887 0.31556 0.24123 0.32623 0.37212 0.27191 0.31847 0.38281 0.35148 0.91902 0.37413 0.57878 0.35524 0.33005 0.41759 0.28736
0.55181 0.36158 0.23096 0.44531 0.23406 0.36683 0.31815 0.44646 0.64526 0.58764 0.38781 0.51172 0.36021 0.47322 0.31446 0.3534 0.5288 0.57473 0.40069 0.1827 0.47285 0.2802 0.26285 0.32351 0.3401 0.33319 0.3903 0.31279 0.38745 0.41391 0.3779 0.4993 0.26306 0.41741 0.52099 0.52691 0.33296 0.42536 0.39705 0.25688 0.31224 0.36382 0.25246 0.39618 0.34164 0.52222 0.4497 0.23882 0.22819 0.29851 0.39387 0.27302 0.35765 0.60934 0.39153 0.37413 0.91194 0.38642 0.30327 0.21815 0.35557 0.39183
0.32662 0.32096 0.24016 0.36371 0.28998 0.296 0.34035 0.34969 0.38135 0.3649 0.365 0.34385 0.25324 0.33826 0.36283 0.30507 0.28046 0.27074 0.41453 0.26054 0.29192 0.29761 0.28752 0.37757 0.37519 0.26156 0.43112 0.35416 0.23663 0.24197 0.28787 0.30021 0.23405 0.28591 0.31574 0.3181 0.34894 0.29488 0.22131 0.28842 0.26761 0.30886 0.22532 0.32022 0.5897 0.38605 0.24317 0.31338 0.23729 0.336 0.40615 0.23298 0.363 0.41993 0.33556 0.57878 0.38642 0.91659 0.44956 0.35091 0.4655 0.37265
0.35526 0.51085 0.40709 0.51233 0.4395 0.3644 0.36358 0.56125 0.36977 0.32686 0.33369 0.19478 0.42161 0.56331 0.44192 0.51497 0.47388 0.38919 0.29312 0.41085 0.58176 0.33843 0.29901 0.23771 0.30239 0.303 0.42804 0.46998 0.44319 0.27304 0.43815 0.36988 0.40855 0.27223 0.2272 0.31739 0.42868 0.41378 0.32054 0.3303 0.34679 0.38494 0.29147 0.3733 0.46901 0.33293 0.34168 0.39411 0.2937 0.31213 0.32601 0.3353 0.59109 0.28696 0.26825 0.35524 0.30327 0.44956 0.89352 0.23468 0.50232 0.52111
0.26453 0.20939 0.20529 0.22441 0.25996 0.27149 0.30033 0.23167 0.25789 0.25624 0.16391 0.22191 0.19694 0.27707 0.19583 0.19561 0.25609 0.28318 0.31213 0.27199 0.26479 0.38308 0.34959 0.29646 0.46216 0.2891 0.25539 0.2121 0.16812 0.17024 0.29033 0.32648 0.15248 0.19866 0.21699 0.20485 0.17026 0.21747 0.14099 0.1463 0.16171 0.30419 0.14441 0.24538 0.29414 0.31433 0.1686 0.33123 0.22888 0.20168 0.28182 0.28781 0.19543 0.28031 0.34657 0.33005 0.21815 0.35091 0.23468 0.95254 0.25206 0.2545
0.38225 0.49718 0.2959 0.49014 0.33664 0.39807 0.58771 0.53265 0.2989 0.33262 0.40802 0.25013 0.36138 0.46356 0.37855 0.44938 0.42047 0.29735 0.37061 0.32522 0.44227 0.27538 0.26945 0.29657 0.25847 0.25673 0.38353 0.60585 0.24392 0.32487 0.56863 0.52375 0.29997 0.29753 0.24376 0.31752 0.45416 0.42634 0.31835 0.34329 0.19341 0.53391 0.2593 0.54224 0.68276 0.35303 0.32247 0.27584 0.26492 0.35549 0.32772 0.31988 0.47347 0.36012 0.37845 0.41759 0.35557 0.4655 0.50232 0.25206 0.92394 0.42709
0.383 0.46954 0.38723 0.44738 0.41655 0.28775 0.33784 0.50569 0.3654 0.36056 0.30872 0.26174 0.41495 0.56264 0.43922 0.50097 0.47811 0.34466 0.32293 0.30039 0.5471 0.3387 0.28688 0.24974 0.31077 0.33543 0.33491 0.38748 0.28355 0.32599 0.35999 0.36591 0.26624 0.24289 0.26599 0.34244 0.32134 0.32811 0.35829 0.3204 0.35649 0.3967 0.3419 0.42834 0.40611 0.31201 0.26992 0.47203 0.34535 0.28476 0.34801 0.34183 0.5491 0.36016 0.30581 0.28736 0.39183 0.37265 0.52111 0.2545 0.42709 0.91012
